atan over [0, 1], degree at most 16, error at most 0.1
degree   lb_error non_zero non_one  non_two  constant error          | coefficients | rationals | hash
1        4        1        1        1        0           4.788075e-2 | 0.0 0.8332788 | 0 6990049/8388608 | atan-D085A886A35778233FAB968FD0F86F34
1        4        1        1        1        3            3.55576e-2 | 0.03555707 0.7853981 | 4772389/134217728 6588397/8388608 | atan-72B69C96550FF5CD155E66FAF5F7806D
2        8        2        2        2        0          3.3477762e-3 | 0.0 1.0546815 -0.26593563 | 0 4423655/4194304 -8923319/33554432 | atan-21FAA05583DABDC323525A0DF326B320
2        8        2        2        2        3           2.452294e-3 | -0.002452114 1.0662947 -0.27599233 | -10531749/4294967296 1118091/1048576 -4630383/16777216 | atan-898F35F870A88FA5522D1D3DB2A4260E
2        6        2        1        1        0          1.3839445e-2 | 0.0 1.0 -0.2007624 | 0 1 -13472937/67108864 | atan-42206E5C6DB4BF33F372B9565CD48D7A
2        6        2        1        1        3            8.89676e-3 | 0.008896715 1.0 -0.21460184 | 9552775/1073741824 1 -7200843/33554432 | atan-4DBD20324B6CC48945DCF91F1FF010FA
3        9        3        3        3        0          1.3116677e-3 | 0.0 1.0271345 -0.16625887 -0.0767891 | 0 8616229/8388608 -2789361/16777216 -10306459/134217728 | atan-5A809D992EDD72D7531FFE99F1554811
3        9        3        3        3        3          1.1049505e-3 | -0.0011048464 1.036643 -0.18598583 -0.06525902 | -4745279/4294967296 1086999/1048576 -6240649/33554432 -8758917/134217728 | atan-E4BB400956608C2FF269D531446F6178
3        8        3        2        2        0          2.8701672e-3 | 0.0 1.0 -0.08627769 -0.13119416 | 0 1 -2894999/33554432 -8804291/67108864 | atan-2617A163269A6D8AEA446D9EBFB3AD20
3        8        3        2        2        3          2.1945676e-3 | 0.0021944696 1.0 -0.10278344 -0.11620734 | 9425175/4294967296 1 -431105/4194304 -15597085/134217728 | atan-A2F0BF66F5638332E83B440AF01A8F24
3        6        2        1        1        0         1.16816305e-2 | 0.0 1.0 0.0 -0.22628339 | 0 1 0 -15185621/67108864 | atan-82A79FA2AB1547C0C57516DA8F3022D8
3        6        2        1        1        3          7.9851776e-3 | -0.007985164 1.0 0.0 -0.21460183 | -8574005/1073741824 1 0 -14401685/67108864 | atan-446A5D6A25836F8480A43CFFCEAD90C6
4        13       4        4        4        0          1.1523764e-4 | 0.0 1.0025036 -0.013680201 -0.3440263 0.14071622 | 0 4204805/4194304 -3672251/268435456 -11543607/33554432 4721653/33554432 | atan-20114123359B46A185C3A33636474096
4        13       4        4        4        3          1.0629695e-4 | -1.0619171e-4 1.0038346 -0.018287238 -0.33804435 0.13810758 | -14594877/137438953472 8420775/8388608 -4908943/268435456 -5671443/16777216 9268243/67108864 | atan-3ACC35F08CA8613504C528A48BFCC705
4        12       3        2        2        0          1.7756905e-4 | 0.0 1.0 0.0 -0.36595994 0.15153562 | 0 1 0 -6139789/16777216 10169383/67108864 | atan-654952FD4D59B45C08A51D38B0B1AF3D
4        12       3        2        2        3          1.6848347e-4 | -6.609522e-5 1.0 0.0 -0.36544326 0.15107593 | -4542029/68719476736 1 0 -12262241/33554432 5069267/33554432 | atan-23A564A0F7080F222116C0177CFAC9FF
4        12       3        3        3        0          1.6354313e-4 | 0.0 0.9997431 0.0 -0.364783 0.15060152 | 0 8386453/8388608 0 -6120043/16777216 10106697/67108864 | atan-6A3767ECC049C07C244832A1538CA18D
4        12       3        3        3        3          1.5347402e-4 | 1.5339923e-4 0.9991693 0.0 -0.3633571 0.14958596 | 10541515/68719476736 16763279/16777216 0 -12192241/33554432 627409/4194304 | atan-872460A5BDDC01D53C9F393FD3FFE2DE
4        12       4        3        3        0          1.5800746e-4 | 0.0 1.0 -0.001330736 -0.36270767 0.14959453 | 0 1 -11430935/8589934592 -6085225/16777216 10039119/67108864 | atan-B3C80303F1E2313F276BE467E952A62F
4        12       4        3        3        3          1.4002597e-4 | 1.3995133e-4 1.0 -0.0039030174 -0.3575248 0.14682598 | 4808691/34359738368 1 -4190833/1073741824 -5998271/16777216 9853325/67108864 | atan-79ABE8395FB742D3E9FCAD33972C500C
5        15       5        5        5        0          2.4430333e-5 | 0.0 0.9987245 0.020835834 -0.4443809 0.25712436 -0.046881296 | 0 16755817/16777216 11186153/536870912 -14910949/33554432 4313831/16777216 -6292301/134217728 | atan-9F969CDEF912B50C9ED5E81179E753F8
5        15       5        5        5        3           2.103717e-5 | 2.094205e-5 0.9982531 0.023661975 -0.4511518 0.26413682 -0.049501944 | 5756507/274877906944 4186977/4194304 6351713/268435456 -7569071/16777216 8862961/33554432 -13288077/268435456 | atan-B53C18800187DAE02981055B24AA0349
5        14       5        4        4        0          4.7307855e-5 | 0.0 1.0 0.009969803 -0.41408357 0.22294736 -0.03338823 | 0 1 5352497/536870912 -13894339/33554432 935109/4194304 -8962585/268435456 | atan-D30E336CCA3E65AD0D16002D4D538F1A
5        14       5        4        4        3          3.8139027e-5 | -3.798632e-5 1.0 0.012128737 -0.42211637 0.23314449 -0.037682712 | -81575/2147483648 1 3255783/268435456 -14163875/33554432 7823031/33554432 -632211/16777216 | atan-01B95A3DFE25BC8F92FBB67ADD44CF54
5        13       4        3        3        3         1.09683365e-4 | 1.0960503e-4 1.0 0.0 -0.3739659 0.16940501 -0.01004096 | 15064001/137438953472 1 0 -12548213/33554432 5684289/33554432 -10781399/1073741824 | atan-A37096B1A3AC4B67D69FEBF5371116CB
5        13       4        4        4        0          7.4127287e-5 | 0.0 1.0010765 0.0 -0.38490015 0.1889652 -0.01966933 | 0 4198819/4194304 0 -6457553/16777216 1585155/8388608 -10559891/536870912 | atan-A34FF524673F15E82E95DC7F0D51AAE2
5        13       4        4        4        3          6.3581383e-5 | -6.348574e-5 1.0015433 0.0 -0.38890392 0.19587074 -0.022984968 | -4362707/68719476736 4200777/4194304 0 -6524725/16777216 13144663/67108864 -12339961/536870912 | atan-6D75171DD25789E0719740B647CFA952
5        12       4        3        3        0           1.430162e-4 | 0.0 1.0 0.0 -0.36890137 0.15858214 -0.004139649 | 0 1 0 -3094569/8388608 10642267/67108864 -8889829/2147483648 | atan-D9E36CA6E4F2AE34F1D652EE08E524A5
6        17       6        6        6        0          7.1035635e-6 | 0.0 0.99957263 0.008109118 -0.3830708 0.1293449 0.07321189 -0.041776583 | 0 8385023/8388608 8707099/1073741824 -12853723/33554432 8680189/67108864 4913167/67108864 -2803579/67108864 | atan-90252462C57E869A37D543BE624220E4
6        17       6        6        6        3            6.53423e-6 | 6.3922416e-6 0.9993821 0.009674684 -0.3885244 0.13853535 0.06579769 -0.03948002 | 878543/137438953472 16766849/16777216 10388113/1073741824 -3259179/8388608 4648475/33554432 551951/8388608 -10597837/268435456 | atan-C83259A5F48C7AB913D07AF709DC18BF
6        16       5        5        5        0          1.3698275e-5 | 0.0 1.0002359 0.0 -0.34921223 0.065907426 0.12810253 -0.059649013 | 0 8390587/8388608 0 -5858809/16777216 8845945/134217728 8596815/67108864 -8005955/134217728 | atan-AEE2C9D65004F5BDD766406F47E1622D
6        16       5        5        5        3          1.2446043e-5 | -1.22949705e-5 1.0003568 0.0 -0.35131174 0.07183305 0.12193267 -0.057412576 | -13518463/1099511627776 8391601/8388608 0 -5894033/16777216 9641269/134217728 8182763/67108864 -15411571/268435456 | atan-C6DE46B7FE04472D384E452CBC2001F1
6        16       6        5        5        0          1.0617573e-5 | 0.0 1.0 0.0031012155 -0.36270353 0.091862395 0.10522524 -0.052097674 | 0 1 13319619/4294967296 -12170311/33554432 6164781/67108864 14123093/134217728 -13984863/268435456 | atan-9CAB72FDD799F8654F9ADC993D26F20C
6        16       6        5        5        3           9.306149e-6 | -9.153857e-6 1.0 0.0040535266 -0.36787575 0.10257986 0.0954568 -0.04881628 | -2516193/274877906944 1 4352441/1073741824 -6171931/16777216 3442009/33554432 12811995/134217728 -3276005/67108864 | atan-986E26457FFCCAC0FA4A15453366A8E0
6        15       5        4        4        0          2.0721655e-5 | 0.0 1.0 0.0 -0.34208465 0.04372147 0.15272646 -0.06898578 | 0 1 0 -1434807/4194304 11736393/268435456 10249299/67108864 -9259115/134217728 | atan-BA0A1049B5E66D6947E8908F10EDBF10
6        15       5        4        4        3          1.7434508e-5 | 1.735018e-5 1.0 0.0 -0.34427267 0.05138738 0.14364833 -0.06539958 | 4769181/274877906944 1 0 -5775937/16777216 13794195/268435456 2410019/16777216 -8777783/134217728 | atan-3CB21270F799A7F351B66EB303B352B4
6        14       4        3        3        0            5.84801e-5 | 0.0 1.0 0.0 -0.33129176 0.0 0.20987248 -0.09324098 | 0 1 0 -11116307/33554432 0 880269/4194304 -391081/4194304 | atan-6D49DC83757FCCA3DA5C2808DD2B217E
6        14       4        3        3        3          4.9219444e-5 | -4.9153423e-5 1.0 0.0 -0.33045715 0.0 0.20721877 -0.09136345 | -6755595/137438953472 1 0 -5544151/16777216 0 1738277/8388608 -12262595/134217728 | atan-9B32B24F35687FCD3701CA91D5655A74
6        14       4        4        4        0          4.0181476e-5 | 0.0 0.99963886 0.0 -0.32876885 0.0 0.20319557 -0.08870751 | 0 16771157/16777216 0 -2757913/8388608 0 106533/524288 -1488265/16777216 | atan-6008BA74A3ED7B4B61D057D6AD00FA31
6        14       4        4        4        3           3.676753e-5 | 3.6695812e-5 0.9994356 0.0 -0.32797173 0.0 0.20141822 -0.087557346 | 2521717/68719476736 16767747/16777216 0 -11004905/33554432 0 3379237/16777216 -2937937/33554432 | atan-5001A080E7B73B147523449A81557E5F
7        20       6        5        5        3          7.5346494e-7 | -6.235474e-7 1.0 0.0 -0.3308847 -0.025775231 0.30669236 -0.21474382 0.0501096 | -5484781/8796093022208 1 0 -1387831/4194304 -3459493/134217728 1286361/4194304 -7205607/33554432 13451193/268435456 | atan-4329CF432F0AE28EDA17D0533DE4F781
7        20       6        6        6        0          5.4327494e-7 | 0.0 0.9999883 0.0 -0.33033305 -0.028366465 0.3116015 -0.21896864 0.05147695 | 0 4194255/4194304 0 -5542069/16777216 -7614565/268435456 10455611/33554432 -14694737/67108864 13818239/268435456 | atan-1B9C6AA4071B9672E33E78848A6DC13A
7        19       6        5        5        0           9.616167e-7 | 0.0 1.0 0.0 -0.33115333 -0.02429272 0.30363938 -0.21199031 0.049194325 | 0 1 0 -5555831/16777216 -13042055/536870912 10188447/33554432 -14226429/67108864 13205501/268435456 | atan-170F10724DB7D9CB630E632472698685
7        18       5        5        5        3          3.7205437e-6 | -3.5888772e-6 1.0000938 0.0 -0.33627054 0.0 0.257813 -0.17304078 0.03680268 | -15784049/4398046511104 8389395/8388608 0 -11283367/33554432 0 8650769/33554432 -5806285/33554432 1234893/33554432 | atan-8B3E6750DE6376B0A70976ED485D21BC
7        17       5        4        4        3           6.045576e-6 | 5.9265544e-6 1.0 0.0 -0.33538565 0.0 0.2524477 -0.16518795 0.033512224 | 13032631/2199023255552 1 0 -11253675/33554432 0 8470739/33554432 -1385697/8388608 8995869/268435456 | atan-7F2FE03E7F7E50699EBB1B7754EE3454
7        17       5        5        5        0          4.2994753e-6 | 0.0 1.0000643 0.0 -0.33602273 0.0 0.25637594 -0.17096522 0.035941772 | 0 8389147/8388608 0 -2818763/8388608 0 8602549/33554432 -5736641/33554432 4824023/134217728 | atan-406AD21D1F55A18E64A5749EE5E08F68
8        21       8        7        7        0          4.5127457e-7 | 0.0 1.0 -3.0902674e-4 -0.32768768 -0.039005633 0.33446425 -0.2460024 0.06807205 -0.0041330867 | 0 1 -5309039/17179869184 -5497687/16777216 -10470495/268435456 5611379/16777216 -8254471/33554432 2284119/33554432 -1109467/268435456 | atan-7CBA5E1840DF7D3E28ED64A86BDE701A
8        21       8        8        8        0           3.866929e-7 | 0.0 1.000023 -7.934175e-4 -0.3240048 -0.052775573 0.36262617 -0.27813172 0.087268844 -0.008814151 | 0 8388801/8388608 -13630809/17179869184 -10871797/33554432 -14166835/268435456 12167715/33554432 -1166569/4194304 5856513/67108864 -9464123/1073741824 | atan-F933F15C516D729CA05AA426A6FF581F
8        21       8        8        8        3          3.4348008e-7 | -1.9348059e-7 1.0000334 -9.475662e-4 -0.32299107 -0.05627951 0.3694566 -0.28568262 0.09168318 -0.009873857 | -6807493/35184372088832 1048611/1048576 -16279063/17179869184 -5418891/16777216 -1888427/33554432 6198453/16777216 -4792959/16777216 3076377/33554432 -10601973/1073741824 | atan-F711CD74AE8063B7E0C73BBFD225E239
8        20       7        7        7        3          5.2864414e-7 | 3.727829e-7 0.99998045 0.0 -0.32982743 -0.03131934 0.31904954 -0.22859715 0.05773172 -0.0016196229 | 3279033/8796093022208 2097111/2097152 0 -2766793/8388608 -8407221/268435456 5352763/16777216 -15340895/67108864 15497241/268435456 -13912455/8589934592 | atan-138CB069486AD1E4E435FB1FE2EE11EE
9        22       8        8        8        0          2.3123711e-7 | 0.0 0.9999975 0.0 -0.3326154 -0.007121665 0.22799952 -0.04610944 -0.14507876 0.116402455 -0.028076094 | 0 8388587/8388608 0 -11160721/33554432 -15293659/2147483648 15300789/67108864 -12377409/268435456 -9736071/67108864 15623273/134217728 -7536619/268435456 | atan-65A3FDB1B122FE32CE04C676CD8F8B9C
9        22       8        8        8        3          2.2021145e-7 | 6.608592e-8 0.9999961 0.0 -0.33249795 -0.007967831 0.23075573 -0.051028132 -0.14011297 0.11373808 -0.027485024 | 4650383/70368744177664 16777151/16777216 0 -2789195/8388608 -8555393/1073741824 15485755/67108864 -428055/8388608 -4701411/33554432 15265667/134217728 -7377955/268435456 | atan-AD8D3CACC779B8E47BDCE2B3F3F51022
9        22       9        8        8        0          2.1681304e-7 | 0.0 1.0 -7.336683e-5 -0.3318702 -0.010835878 0.23836328 -0.0631188 -0.12876603 0.10794204 -0.026242927 | 0 1 -2520865/34359738368 -2783929/8388608 -11634935/1073741824 15996289/67108864 -4235831/67108864 -4320671/33554432 14487735/134217728 -1761133/67108864 | atan-0B857E11A892D4C9BB79FD1412BD2806
9        21       7        6        6        3          2.8540608e-7 | 1.4512335e-7 1.0 0.0 -0.33341172 0.0 0.20118251 0.00706931 -0.20328999 0.14971668 -0.035868887 | 2553037/17592186044416 1 0 -11187441/33554432 0 6750565/33554432 3795307/536870912 -213165/1048576 2511829/16777216 -9628481/268435456 | atan-0ACD0C09AD484483B28FE41F2F26C253
9        21       7        7        7        0           2.734738e-7 | 0.0 1.0000024 0.0 -0.33346918 0.0 0.20230371 0.0033877715 -0.19813003 0.14628124 -0.03497786 | 0 2097157/2097152 0 -11189369/33554432 0 3394093/16777216 454699/134217728 -13296281/67108864 153387/1048576 -4694649/134217728 | atan-EB81EA64839BDF4C95FE08837CF9BEA3
9        21       7        7        7        3          2.6120278e-7 | -1.2352285e-7 1.0000038 0.0 -0.33349702 0.0 0.2028066 0.0017733618 -0.19590583 0.14482026 -0.034603015 | -2173037/17592186044416 262145/262144 0 -11190303/33554432 0 13610121/67108864 7616531/4294967296 -6573509/33554432 9718723/67108864 -2322169/67108864 | atan-CB348B49EBD5C8849DD5ED7E34279F8B
9        21       8        7        7        0          2.3975989e-7 | 0.0 1.0 0.0 -0.33299544 -0.004073205 0.21731582 -0.02598695 -0.16626506 0.12816362 -0.030760707 | 0 1 0 -11173473/33554432 -8747141/2147483648 7291909/33554432 -6975819/268435456 -11157859/67108864 8600915/67108864 -16514529/536870912 | atan-4646C539CF9739E62B41B93820950CD0
10       22       8        7        7        3          1.9207633e-7 | -3.1741354e-8 1.0 0.0 -0.3332677 0.0 0.19358179 0.045703314 -0.2893462 0.24947803 -0.09478119 0.0140301455 | -8934397/281474976710656 1 0 -698913/2097152 0 6495527/33554432 6134195/134217728 -9708847/33554432 16742187/67108864 -3180329/33554432 7532377/536870912 | atan-35CCDF62773DA5632BAFCDF1477BD615
10       22       8        8        8        0          1.8501405e-7 | 0.0 0.9999993 0.0 -0.33323693 0.0 0.19250019 0.05064331 -0.29951906 0.26058197 -0.10103318 0.015462573 | 0 4194301/4194304 0 -1397697/4194304 0 12918469/67108864 3398615/67108864 -628137/2097152 34155/131072 -3390111/33554432 16602811/1073741824 | atan-D11219621B326FDE3CB37F79B4C7029B
15       22       10       10       10       3          1.7892717e-7 | 1.4455391e-8 0.99999905 0.0 -0.33304057 -0.00339746 0.21685313 -0.04238258 -0.094188996 0.0 0.06462921 0.0 -0.031777874 0.0 0.010302803 0.0 -0.0015985431 | 16275323/1125899906842624 1048575/1048576 0 -11174987/33554432 -3647995/1073741824 14552767/67108864 -11376987/268435456 -12641833/134217728 0 4337193/67108864 0 -2132577/67108864 0 5531275/536870912 0 -13731381/8589934592 | atan-5FB444E74A070E8079DCCC362D0EC010
