wider-atan over [-1, 1], degree at most 16, error at most 0.1
lb_error degree   error          non_zero non_one  non_two  constant | coefficients | rationals | hash
22       15         1.8279868e-7 8        8        8        0        | 0.0 0.9999993 0.0 -0.3332961 0.0 0.1994347 0.0 -0.13892695 0.0 0.096011914 0.0 -0.05535641 0.0 0.021483388 0.0 -0.003951717 | 0 4194301/4194304 0 -11183561/33554432 0 3345959/16777216 0 -4661615/33554432 0 12886501/134217728 0 -14859623/268435456 0 5766903/268435456 0 -1060781/268435456 | wider-atan-23A527C2565CD6116D0DF1CC5909608C
22       15         1.8876125e-7 8        7        7        0        | 0.0 1.0 0.0 -0.33331552 0.0 0.19960928 0.0 -0.13966195 0.0 0.097654484 0.0 -0.05736294 0.0 0.022748765 0.0 -0.0042739958 | 0 1 0 -11184213/33554432 0 418611/2097152 0 -9372555/67108864 0 13106963/134217728 0 -15398247/268435456 0 6106575/268435456 0 -286823/67108864 | wider-atan-9F610D0673B7438FA1664DBD2582F518
21       13         3.7954378e-7 7        7        7        0        | 0.0 0.99999607 0.0 -0.33317223 0.0 0.19806594 0.0 -0.1322907 0.0 0.079552226 0.0 -0.033547413 0.0 0.006794537 | 0 8388575/8388608 0 -11179405/33554432 0 3322995/16777216 0 -8877879/67108864 0 10677319/134217728 0 -9005315/268435456 0 14591157/2147483648 | wider-atan-D0A4DEE43914572B4479B76E4BFB9A45
21       13          4.618572e-7 7        6        6        0        | 0.0 1.0 0.0 -0.33325323 0.0 0.19860946 0.0 -0.1339496 0.0 0.082095735 0.0 -0.035457946 0.0 0.0073540746 | 0 1 0 -11182123/33554432 0 13328455/67108864 0 -8989205/67108864 0 11018703/134217728 0 -4759085/134217728 0 15792755/2147483648 | wider-atan-01C038B63FC5B8E505D29CC9D5951CF0
19       11         1.7757872e-6 6        6        6        0        | 0.0 0.9999772 0.0 -0.3326218 0.0 0.1935344 0.0 -0.11641229 0.0 0.05263287 0.0 -0.011713831 | 0 16776833/16777216 0 -1395117/4194304 0 6493937/33554432 0 -15624593/134217728 0 883033/16777216 0 -6288815/536870912 | wider-atan-9FD2B598AC2E77ECFC241216338467EA
18       11         2.4689302e-6 6        5        5        0        | 0.0 1.0 0.0 -0.33296573 0.0 0.19518101 0.0 -0.11981379 0.0 0.05580054 0.0 -0.012806216 | 0 1 0 -2793119/8388608 0 1637297/8388608 0 -16081135/134217728 0 14978843/268435456 0 -6875285/536870912 | wider-atan-86B11F7F2C10FC6429BD68F05FED2331
16       9          1.1543674e-5 5        5        5        0        | 0.0 0.9998663 0.0 -0.3303043 0.0 0.18015756 0.0 -0.085154116 0.0 0.020844169 | 0 16774973/16777216 0 -11083173/33554432 0 12090169/67108864 0 -1428649/16777216 0 2797657/134217728 | wider-atan-979D637257C9D2D60965EE2FB084690C
15       9          1.7276411e-5 5        4        4        0        | 0.0 1.0 0.0 -0.33168513 0.0 0.18449008 0.0 -0.09044925 0.0 0.023059662 | 0 1 0 -5564753/16777216 0 1547615/8388608 0 -12139893/134217728 0 6190031/268435456 | wider-atan-6A9139A81FC05D046B3448704A89E6B2
13       7          8.1442064e-5 4        4        4        0        | 0.0 0.9992138 0.0 -0.3211749 0.0 0.14626426 0.0 -0.0389864 | 0 8382013/8388608 0 -10776841/33554432 0 2453907/16777216 0 -2616333/67108864 | wider-atan-F2A802191BDEFA8E361B90A5D2078E93
12       7          1.3319908e-4 4        3        3        0        | 0.0 1.0 0.0 -0.32623813 0.0 0.15531595 0.0 -0.043812793 | 0 1 0 -10946735/33554432 0 10423077/67108864 0 -11760907/268435456 | wider-atan-70D3F98E63888149CDD678FA279F3896
10       5          6.0864484e-4 3        3        3        0        | 0.0 0.99535793 0.0 -0.28869018 0.0 0.079339005 | 0 16699335/16777216 0 -9686835/33554432 0 10648701/134217728 | wider-atan-B9D7AB52E9DF331C1D51B939E9F41A28
9        5         1.13410674e-3 3        2        2        0        | 0.0 1.0 0.0 -0.30450675 0.0 0.09103898 | 0 1 0 -10217551/33554432 0 12219045/134217728 | wider-atan-AAEC2C3342F2352F81B31244A47D572E
7        3          4.9520215e-3 2        2        2        0        | 0.0 0.9723941 0.0 -0.19194795 | 0 8157033/8388608 0 -12881409/67108864 | wider-atan-E1B4F80C4272F421605B3F97AC85E473
6        3          1.1681893e-2 2        1        1        0        | 0.0 1.0 0.0 -0.22628261 | 0 1 0 -15185569/67108864 | wider-atan-194901B17D88E4AD7892FA0CBE645FAE
4        1           4.788168e-2 1        1        1        0        | 0.0 0.8332767 | 0 13980063/16777216 | wider-atan-30EF6042F681C0A8FE1C152A63F62ABB
