cos over [-pi/2, pi/2], degree at most 16, error at most 0.1
degree   lb_error non_zero non_one  non_two  constant error                    | coefficients | rationals | hash
2        5        1        1        1        3           2.8004797933927467e-2 | 0.9719952020660726 0.0 -0.40528473456935105 | 8754954459661349/9007199254740992 0 -7300960718341919/18014398509481984 | cos-F8DD4B9CD5387B0AFB6589627C2CC8A7
2        4        1        1        1        1           3.8720515013465795e-2 | 1.0 0.0 -0.42097756821897214 | 1 0 -3791828838724601/9007199254740992 | cos-5872834B0E51BF6227465D84F98BA667
4        10       2        2        2        1            7.371361562503396e-4 | 1.0 0.0 -0.49660481028774783 0.0 0.03713171147557309 | 1 0 -2236509238562297/4503599627370496 0 668905447860079/18014398509481984 | cos-25B12A6D48057E56520CE3E947E91B7C
4        10       2        2        2        3            5.967705259259046e-4 | 0.9994032294740739 0.0 -0.49558084922014295 0.0 0.03679168279902666 | 9001824023704619/9007199254740992 0 -8927590911519159/18014398509481984 0 5302240286208959/144115188075855872 | cos-E146993B9DDA3A52ECF0E0B7817E939E
4        10       4        4        4        1            7.371361562502841e-4 | 1.0 -4.1630261688955255e-18 -0.49660481028774783 2.314038987188184e-18 0.037131711475573086 | 1 -5403916924688629/1298074214633706907132624082305024 -2236509238562297/4503599627370496 6007588681852161/2596148429267413814265248164610048 5351243582880631/144115188075855872 | cos-52B2613F3A63AB97318B6C58A960603E
6        17       3        3        3        3            6.704717795760122e-6 | 0.9999932952822652 0.0 -0.49991243971240695 0.0 0.04148774804552025 0.0 -0.0012712094857069733 | 1125892358001551/1125899906842624 0 -4502810954413343/9007199254740992 0 5979014612423873/144115188075855872 0 -5862419011727119/4611686018427387904 | cos-8F101E4C92C65C0872CEDE51B9441934
6        17       5        5        5        3            6.704717795727867e-6 | 0.9999932952822652 4.106358362232018e-19 -0.4999124397124069 0.0 0.04148774804552015 4.349153292715607e-18 -0.0012712094857069414 | 1125892358001551/1125899906842624 8528572649694211/20769187434139310514121985316880384 -9005621908826685/18014398509481984 0 2989507306211929/72057594037927936 1411380936190853/324518553658426726783156020576256 -1465604752931743/1152921504606846976 | cos-07BEFA0343C6D87640ACCE53A6F3ACD6
6        16       3        3        3        1            7.843427480720175e-6 | 1.0 0.0 -0.4999356307314411 0.0 0.04150706685139252 0.0 -0.0012757519849685426 | 1 0 -281438740033919/562949953421312 0 1495449686441389/36028797018963968 0 -5883367592060415/4611686018427387904 | cos-BC33A892F4C19CA646CE59D7923ADAA8
6        16       4        4        4        1            7.843427480709767e-6 | 1.0 3.911181531275973e-18 -0.4999356307314409 0.0 0.04150706685139236 0.0 -0.0012757519849685049 | 1 2538501947250459/649037107316853453566312041152512 -9006039681085405/18014398509481984 0 5981798745765533/144115188075855872 0 -5883367592060241/4611686018427387904 | cos-3F8596C2CE148BC836DF65719FE70345
7        16       5        5        5        1            7.843427480698896e-6 | 1.0 0.0 -0.4999356307314409 -2.977131946335139e-18 0.04150706685139234 0.0 -0.0012757519849684964 -2.744909858468176e-19 | 1 0 -9006039681085405/18014398509481984 -3864538213099905/1298074214633706907132624082305024 2990899372882765/72057594037927936 0 -2941683796030101/2305843009213693952 -5700954734034235/20769187434139310514121985316880384 | cos-5CB4350FFCB3816A54A0B9ECA9A8DC78
8        24       4        4        4        1            5.272012729848276e-8 | 1.0 0.0 -0.49999932293053523 0.0 0.041663989454816454 0.0 -0.0013855927184218554 0.0 2.319438648485318e-5 | 1 0 -9007187057741835/18014398509481984 0 6004413676271349/144115188075855872 0 -6389918566780867/4611686018427387904 0 6845774582924709/295147905179352825856 | cos-92F4F98EDD9D605E5CE6305C33B2A38A
8        24       4        4        4        3           4.6533328282569103e-8 | 0.9999999534666716 0.0 -0.49999905347077395 0.0 0.04166358469311875 0.0 -0.0013853704308283107 0.0 2.3153931659694738e-5 | 9007198835606031/9007199254740992 0 -9007182203586313/18014398509481984 0 6004355343963159/144115188075855872 0 -6388893446193647/4611686018427387904 0 3416917213012399/147573952589676412928 | cos-07B8286668537A75F26BD52FFD932873
8        24       6        6        6        3           4.6533328240610483e-8 | 0.9999999534666715 -4.807358723063967e-18 -0.49999905347077356 0.0 0.04166358469311798 1.9893053914724963e-18 -0.0013853704308277794 0.0 2.315393165958418e-5 | 4503599417803015/4503599627370496 -6240308398903759/1298074214633706907132624082305024 -4503591101793153/9007199254740992 0 750544417995381/18014398509481984 5164532067404519/2596148429267413814265248164610048 -6388893446191197/4611686018427387904 0 6833834425992167/295147905179352825856 | cos-BB0EC0CEBE10C126310418914AA7B4F4
8        24       8        8        8        1            5.272012726403223e-8 | 1.0 1.5393851305101687e-17 -0.4999993229305351 -6.791286296856221e-17 0.04166398945481615 3.91473322167395e-17 -0.0013855927184216273 -5.073872795277161e-18 2.319438648480446e-5 | 1 1248897590191121/81129638414606681695789005144064 -9007187057741833/18014398509481984 -688718252042523/10141204801825835211973625643008 6004413676271305/144115188075855872 6352017815281117/162259276829213363391578010288128 -6389918566779815/4611686018427387904 -1646565860970183/324518553658426726783156020576256 6845774582910329/295147905179352825856 | cos-795A062E54E1EEC2B30D754C06552BE9
9        24       7        7        7        1            5.272012728511997e-8 | 1.0 0.0 -0.49999932293053506 -6.28228105861459e-18 0.041663989454816 1.6179497245045998e-17 -0.0013855927184215258 0.0 2.3194386484781717e-5 -3.169348304248771e-18 | 1 0 -1125898382217729/2251799813685248 -8154867051269347/1298074214633706907132624082305024 1501103419067821/36028797018963968 5250547044882827/324518553658426726783156020576256 -6389918566779347/4611686018427387904 0 6845774582903617/295147905179352825856 -2057024655469197/649037107316853453566312041152512 | cos-123288151E1441B0021C9786E316CEB4
10       32       5        5        5        3          2.1934836751309228e-10 | 0.9999999997806517 0.0 -0.4999999935847174 0.0 0.041666636258069656 0.0 -0.001388836140027068 0.0 2.47601613524538e-5 0.0 -2.605149521423462e-7 | 4503599626382639/4503599627370496 0 -9007199139173535/18014398509481984 0 375299695051249/9007199254740992 0 -6404876208849491/4611686018427387904 0 7307909755079511/295147905179352825856 0 -4920988313133621/18889465931478580854784 | cos-0B0A2F9ACB2A1A0B93CAF5514F84C41C
10       31       5        5        5        1          2.4331494658707056e-10 | 1.0 0.0 -0.4999999954955725 0.0 0.04166664072805947 0.0 -0.0013888403508213 0.0 2.476188624812126e-5 0.0 -2.607710535040131e-7 | 1 0 -1125899896699555/2251799813685248 0 6004795765013407/144115188075855872 0 -3202447813855189/2305843009213693952 0 3654209427211207/147573952589676412928 0 -2462912965539917/9444732965739290427392 | cos-12973293010F532570450BA8FEEDC288
10       31       8        8        8        1          2.4331490489135488e-10 | 1.0 3.2042421145060425e-18 -0.49999999549557245 0.0 0.04166664072805934 1.0267830379773097e-17 -0.0013888403508211858 -4.151380633981279e-18 2.476188624806653e-5 0.0 -2.607710534937784e-7 | 1 8318688132567359/2596148429267413814265248164610048 -9007199173596439/18014398509481984 0 1501198941253347/36028797018963968 833025366013505/81129638414606681695789005144064 -6404895627709851/4611686018427387904 -5388800156100829/1298074214633706907132624082305024 7308418854406261/295147905179352825856 0 -2462912965443253/9444732965739290427392 | cos-C4D761A743AD9E6D26737C62CBEEE759
12       40       6        6        6        1           8.177514655011153e-13 | 1.0 0.0 -0.49999999997938377 0.0 0.04166666650396429 0.0 -0.0013888884612273586 0.0 2.4801070167731084e-5 0.0 -2.752566075959659e-7 0.0 1.9919950063096496e-9 | 1 0 -9007199254369603/18014398509481984 0 3002399739856389/72057594037927936 0 -6405117497797339/4611686018427387904 0 3659991953105985/147573952589676412928 0 -2599725155799183/9444732965739290427392 0 4816348391342283/2417851639229258349412352 | cos-00A28A636A11EF6608723AF07FCB3088
12       40       6        6        6        3            7.48361659100305e-13 | 0.9999999999992518 0.0 -0.49999999997023925 0.0 0.04166666647338 0.0 -0.0013888884179919985 0.0 2.480104064152797e-5 0.0 -2.7524696125481045e-7 0.0 1.9907853262253784e-9 | 9007199254734253/9007199254740992 0 -4503599627102435/9007199254740992 0 6004799475305117/144115188075855872 0 -6405117298409433/4611686018427387904 0 7319975191614973/295147905179352825856 0 -5199268097365747/18889465931478580854784 0 4813423564367585/2417851639229258349412352 | cos-087D92CCFA9C648464FD1A490AA4B579
12       40       8        8        8        1           8.177210536301771e-13 | 1.0 0.0 -0.49999999997938344 -2.2318264623013517e-17 0.04166666650396217 9.618174523669016e-18 -0.0013888884612227386 0.0 2.480107016351888e-5 0.0 -2.752566059099082e-7 0.0 1.991994761221868e-9 | 1 0 -9007199254369597/18014398509481984 -7242690955626379/324518553658426726783156020576256 750599934964059/18014398509481984 6242552170510793/649037107316853453566312041152512 -6405117497776033/4611686018427387904 0 7319983904968747/295147905179352825856 0 -5199450279749637/18889465931478580854784 0 4816347798756389/2417851639229258349412352 | cos-B3DF9F411B7B729C4EB78E6F1598EE35
12       40       8        8        8        3           7.483426855622866e-13 | 0.9999999999992518 -8.307827888346484e-18 -0.49999999997023936 0.0 0.04166666647338059 0.0 -0.001388888417992817 0.0 2.480104064196827e-5 2.2414470014531905e-19 -2.7524696133639767e-7 0.0 1.9907853268928643e-9 | 9007199254734253/9007199254740992 -5392088580738685/649037107316853453566312041152512 -1125899906775609/2251799813685248 0 3002399737652601/72057594037927936 0 -800639662301651/576460752303423488 0 7319975191744927/295147905179352825856 1163825822421771/5192296858534827628530496329220096 -2599634049453443/9444732965739290427392 0 4813423565981467/2417851639229258349412352 | cos-3B29EE96A00998F86DCEDA2FC6E7F6DC
12       40       9        9        9        3           7.483121381660768e-13 | 0.9999999999992518 3.4392310263384487e-18 -0.4999999999702388 -5.829527296552096e-19 0.04166666647337755 0.0 -0.0013888884179875046 -9.64474533051077e-19 2.48010406378895e-5 0.0 -2.752469599109529e-7 0.0 1.990785141141773e-9 | 9007199254734253/9007199254740992 8928754226916319/2596148429267413814265248164610048 -4503599627102431/9007199254740992 -6053727253726095/10384593717069655257060992658440192 1501199868826191/36028797018963968 0 -6405117298388709/4611686018427387904 -156494940253061/162259276829213363391578010288128 3659987595270543/147573952589676412928 0 -1299817017995249/4722366482869645213696 0 2406711558431443/1208925819614629174706176 | cos-8B1AA5FD3D51568A2B709BB45585BDEA
13       40       9        9        9        1           8.177008874697689e-13 | 1.0 -2.4671141022971347e-18 -0.49999999997938377 0.0 0.0416666665039644 2.1153404605750374e-18 -0.0013888884612273593 0.0 2.4801070167597127e-5 0.0 -2.7525660750497454e-7 0.0 1.991994988950075e-9 -1.122595987869655e-19 | 1 -400312150093887/162259276829213363391578010288128 -9007199254369603/18014398509481984 0 3002399739856397/72057594037927936 5491737814087691/2596148429267413814265248164610048 -3202558748898671/2305843009213693952 0 7319983906172433/295147905179352825856 0 -1299862577469897/4722366482869645213696 0 4816348349369407/2417851639229258349412352 -4663081296975529/41538374868278621028243970633760768 | cos-A35B7D77554ABB70F18BC40821D6F256
14       48       7        7        7        1          2.3731372905200568e-15 | 1.0 0.0 -0.49999999999993017 0.0 0.041666666665946664 0.0 -0.0013888888863739476 0.0 2.4801583133259628e-5 0.0 -2.7556949372806266e-7 0.0 2.0858694492532972e-9 0.0 -1.1012023910230725e-11 | 1 0 -4503599627369867/9007199254740992 0 3002399751528449/72057594037927936 0 -6405119458439919/4611686018427387904 0 7320135306913149/295147905179352825856 0 -162667517610345/590295810358705651712 0 5043322867095315/2417851639229258349412352 0 -6816112656021285/618970019642690137449562112 | cos-85A97EB9658AF268BF175AC08851546D
14       48       7        7        7        3          2.2526468537731326e-15 | 0.999999999999998 0.0 -0.4999999999998981 0.0 0.04166666666580128 0.0 -0.0013888888860877772 0.0 2.4801582845849087e-5 0.0 -2.7556933965477914e-7 0.0 2.085827474931202e-9 0.0 -1.1007456501959818e-11 | 4503599627370487/4503599627370496 0 -2251799813684789/4503599627370496 0 3002399751517973/72057594037927936 0 -6405119457120191/4611686018427387904 0 3660067611042265/147573952589676412928 0 -650669706646125/2361183241434822606848 0 630402672426479/302231454903657293676544 0 -3406642783617063/309485009821345068724781056 | cos-29197B598CBB8BABEFA396B71CEE3044
14       48       10       10       10       3          2.1856431595135284e-15 | 0.999999999999998 0.0 -0.499999999999898 0.0 0.04166666666580107 0.0 -0.0013888888860876644 0.0 2.4801582846097214e-5 8.646220637865433e-19 -2.755693399864091e-7 -7.174666202643646e-19 2.085827617020215e-9 1.2199983568073488e-19 -1.1007477134178142e-11 | 4503599627370487/4503599627370496 0 -9007199254739155/18014398509481984 0 1501199875758979/36028797018963968 0 -6405119457119671/4611686018427387904 0 1830033805539441/73786976294838206464 280585901601173/324518553658426726783156020576256 -5205357659433313/18889465931478580854784 -7450599357004521/10384593717069655257060992658440192 5043221722961985/2417851639229258349412352 5067674908374759/41538374868278621028243970633760768 -6813298337958707/618970019642690137449562112 | cos-CB2CEC0C1C346AAE06F4A525AAC9040C
14       48       11       11       11       3          2.1647722676931824e-15 | 0.999999999999998 -9.044760630934489e-18 -0.49999999999989797 3.0951627533546685e-17 0.04166666666580059 -1.9266360314536496e-17 -0.0013888888860862615 0.0 2.4801582844099724e-5 1.4870279169265544e-18 -2.7556933857020003e-7 0.0 2.085827135370402e-9 0.0 -1.100741454804723e-11 | 4503599627370487/4503599627370496 -5870385276275079/649037107316853453566312041152512 -4503599627369577/9007199254740992 2511094350140227/81129638414606681695789005144064 6004799503035847/144115188075855872 -6252291383535495/324518553658426726783156020576256 -6405119457113201/4611686018427387904 0 7320135221568209/295147905179352825856 7721090381611337/5192296858534827628530496329220096 -650669704085235/2361183241434822606848 0 5043220558404195/2417851639229258349412352 0 -6813259599020027/618970019642690137449562112 | cos-34D89C9197B19C73CC3F3DDE6440B021
14       48       12       12       12       1          2.3369977827925048e-15 | 1.0 -6.902307565861887e-19 -0.49999999999993 -1.3940685549810605e-18 0.04166666666594465 0.0 -0.001388888886368007 0.0 2.4801583125501538e-5 1.428849101451712e-17 -2.755694886805128e-7 -1.444147419705639e-17 2.0858678459024377e-9 3.6740226284451e-18 -1.101182579866786e-11 | 1 -3583882989086585/5192296858534827628530496329220096 -9007199254739731/18014398509481984 -7238417778610347/5192296858534827628530496329220096 187649984470519/4503599627370496 0 -6405119458412523/4611686018427387904 0 7320135304623365/295147905179352825856 2318440218996261/162259276829213363391578010288128 -5205360468185519/18889465931478580854784 -4686526319124229/324518553658426726783156020576256 5043318990430811/2417851639229258349412352 4769154037965341/1298074214633706907132624082305024 -6815990030903327/618970019642690137449562112 | cos-A70B616F095FCAC0666693610E0E6148
14       48       12       12       12       3          2.1566407513995411e-15 | 0.999999999999998 -6.745143357292577e-19 -0.49999999999989786 1.2723645016222558e-17 0.041666666665799955 -2.5731191245695577e-17 -0.00138888888608448 1.4125382517430853e-17 2.4801582841839586e-5 0.0 -2.755693371438229e-7 -1.057449893938016e-18 2.0858266981807794e-9 0.0 -1.100736258287254e-11 | 4503599627370487/4503599627370496 -3502278666443731/5192296858534827628530496329220096 -562949953421197/1125899906842624 2064529438963897/162259276829213363391578010288128 6004799503035755/144115188075855872 -2087562241740375/81129638414606681695789005144064 -6405119457104985/4611686018427387904 4583948704428687/324518553658426726783156020576256 3660067610450567/147573952589676412928 0 -2602678802869189/9444732965739290427392 -5490593762352347/5192296858534827628530496329220096 5043219501344549/2417851639229258349412352 0 -6813227434134829/618970019642690137449562112 | cos-0C46E34B83FBAC834F343CF12748BFF5
14       48       13       13       13       1          2.3212226411828407e-15 | 1.0 -2.9804583277256207e-18 -0.49999999999992994 3.294334079563852e-17 0.04166666666594451 -6.732913176365302e-17 -0.0013888888863677457 4.018481804377157e-17 2.480158312517873e-5 -5.07927913718935e-18 -2.7556948846034115e-7 0.0 2.085867772995038e-9 -4.763289561841706e-19 -1.1011816685151927e-11 | 1 -7737712206021853/2596148429267413814265248164610048 -4503599627369865/9007199254740992 5345362653838629/162259276829213363391578010288128 1501199875764147/36028797018963968 -5462388114754579/81129638414606681695789005144064 -3202559729205659/2305843009213693952 6520359515295899/162259276829213363391578010288128 7320135304528089/295147905179352825856 -3296640638456219/649037107316853453566312041152512 -2602680232013297/9444732965739290427392 0 5043318814151535/2417851639229258349412352 -4946482685648485/10384593717069655257060992658440192 -6815984389910191/618970019642690137449562112 | cos-AF285C0775BE47CE2AC7F1C7FD6F220D
15       48       12       12       12       1          2.3182410852085056e-15 | 1.0 3.948135116479757e-19 -0.4999999999999301 0.0 0.04166666666594579 -6.0782512815866306e-18 -0.0013888888863712965 0.0 2.48015831296524e-5 1.1503477589067718e-17 -2.7556949128786434e-7 -6.934303595785935e-18 2.0858686483961244e-9 0.0 -1.1011922311183337e-11 4.756920659084157e-19 | 1 8199955824947551/20769187434139310514121985316880384 -9007199254739733/18014398509481984 0 1501199875764193/36028797018963968 -493126328668243/81129638414606681695789005144064 -6405119458427693/4611686018427387904 0 7320135305848483/295147905179352825856 7466183818492763/649037107316853453566312041152512 -5205360517436997/18889465931478580854784 -9001240694131517/1298074214633706907132624082305024 5043320930741487/2417851639229258349412352 0 -213001555289279/19342813113834066795298816 2469934419446209/5192296858534827628530496329220096 | cos-C0E59480DEBD3867285F166EF612A525
15       48       12       12       12       3           2.151870261840605e-15 | 0.999999999999998 1.783450224918451e-18 -0.49999999999989814 -2.306602238575156e-18 0.04166666666580211 0.0 -0.001388888886090304 2.8703852205889474e-19 2.480158284913319e-5 0.0 -2.755693417536358e-7 0.0 2.0858281261463138e-9 1.3819586967656456e-19 -1.100753490101649e-11 -6.330944260268265e-20 | 4503599627370487/4503599627370496 1157525375024663/649037107316853453566312041152512 -9007199254739157/18014398509481984 -748535222327699/324518553658426726783156020576256 3002399751518033/72057594037927936 0 -1601279864282961/1152921504606846976 1490389216364879/5192296858534827628530496329220096 3660067611526913/147573952589676412928 0 -5205357692815281/18889465931478580854784 0 5043222953953357/2417851639229258349412352 5740431839872917/41538374868278621028243970633760768 -3406667046949887/309485009821345068724781056 -2629771359532001/41538374868278621028243970633760768 | cos-0FB0CBE5506CDC17C08AB052219135AC
16       51       8        8        8        1           3.997453409954055e-16 | 1.0 0.0 -0.4999999999999971 0.0 0.04166666666664349 0.0 -0.0013888888888228788 0.0 2.48015872071136e-5 0.0 -2.755731143875957e-7 0.0 2.0876366663202377e-9 0.0 -1.1458849397276952e-11 0.0 4.5743827827148454e-14 | 1 0 -2251799813685235/4503599627370496 0 6004799503157321/144115188075855872 0 -6405119469733621/4611686018427387904 0 7320136509302615/295147905179352825856 0 -5205428955855939/18889465931478580854784 0 5047595735777491/2417851639229258349412352 0 -7092684236515143/618970019642690137449562112 0 3624199425113845/79228162514264337593543950336 | cos-B90A6AAE259708B87AF517CE63B9F10B
16       51       8        8        8        3           3.789286592836838e-16 | 0.9999999999999999 0.0 -0.49999999999999534 0.0 0.041666666666634745 0.0 -0.0013888888888025353 0.0 2.4801587181416576e-5 0.0 -2.755730958180756e-7 0.0 2.08762901317804e-9 0.0 -1.145717859212013e-11 0.0 4.559407761481054e-14 | 9007199254740991/9007199254740992 0 -2251799813685227/4503599627370496 0 6004799503156061/144115188075855872 0 -6405119469639803/4611686018427387904 0 457508531357387/18446744073709551616 0 -2602714302543811/9444732965739290427392 0 5047577231615083/2417851639229258349412352 0 -3545825029107203/309485009821345068724781056 0 3612334990954191/79228162514264337593543950336 | cos-7677509237EDF1687CADA6C02FE7C59C
16       51       11       11       11       3           3.445594504158933e-16 | 0.9999999999999999 1.2847842497856924e-18 -0.49999999999999567 0.0 0.041666666666638735 0.0 -0.0013888888888164165 0.0 2.4801587203234996e-5 -3.3367178483421313e-19 -2.755731137653024e-7 1.2740108797661613e-19 2.0876370414060347e-9 0.0 -1.1459030289290862e-11 0.0 4.576664781326318e-14 | 9007199254740991/9007199254740992 1667745306014319/1298074214633706907132624082305024 -4503599627370457/9007199254740992 0 1501199875789159/36028797018963968 0 -6405119469703819/4611686018427387904 0 7320136508157853/295147905179352825856 -6930091840705575/20769187434139310514121985316880384 -5205428944101151/18889465931478580854784 5292034150999225/41538374868278621028243970633760768 1261899160669825/604462909807314587353088 0 -3546398101624273/309485009821345068724781056 0 906501852670579/19807040628566084398385987584 | cos-77B370FCC0CF1E7535D8147E8BAE276F
16       51       12       12       12       3           3.380542373809803e-16 | 0.9999999999999999 -1.859031373543422e-17 -0.4999999999999958 0.0 0.041666666666638916 0.0 -0.0013888888888156036 0.0 2.4801587200529136e-5 1.2015066102841667e-17 -2.7557311076874707e-7 -8.705152657561404e-18 2.0876354709465485e-9 1.6376175404112058e-18 -1.1458632664682382e-11 0.0 4.572744544316949e-14 | 9007199254740991/9007199254740992 -6032901725479497/324518553658426726783156020576256 -2251799813685229/4503599627370496 0 3002399751578331/72057594037927936 0 -3202559734850035/2305843009213693952 0 915017063419903/36893488147419103232 7798223747609135/649037107316853453566312041152512 -5205428887497821/18889465931478580854784 -5649967099615273/649037107316853453566312041152512 5047592845541257/2417851639229258349412352 8502996410558635/5192296858534827628530496329220096 -7092550085536825/618970019642690137449562112 0 7245802957867177/158456325028528675187087900672 | cos-650C396AF27C002357BA692337F4760B
16       51       14       14       14       1           3.741581697247476e-16 | 1.0 4.62842224290396e-19 -0.4999999999999971 0.0 0.04166666666664349 0.0 -0.0013888888888228868 -1.2788754312193221e-17 2.4801587207131168e-5 2.898407092904569e-17 -2.755731143971509e-7 -2.455662461723085e-17 2.0876366654445583e-9 9.116733833087687e-18 -1.145884741302757e-11 -1.2473320050244586e-18 4.574342357410485e-14 | 1 2403214227180295/5192296858534827628530496329220096 -2251799813685235/4503599627370496 0 6004799503157321/144115188075855872 0 -3202559734866829/2305843009213693952 -518773506560739/40564819207303340847894502572032 915017063663475/36893488147419103232 1175733597128395/40564819207303340847894502572032 -325339309752277/1180591620717411303424 -7782304983903/316912650057057350374175801344 1261898933415057/604462909807314587353088 2958549277602461/324518553658426726783156020576256 -886585376040533/77371252455336267181195264 -1619129512809611/1298074214633706907132624082305024 7248334793776019/158456325028528675187087900672 | cos-08C69910047D3922FE0F709DC9EB747C
