sin over [-pi/2, pi/2], degree at most 16, error at most 0.1
degree   lb_error non_zero non_one  non_two  constant error                    | coefficients | rationals | hash
3        7        2        2        2        0            4.491816437352417e-3 | 0.0 0.9855293372263507 0.0 -0.14256658731745922 | 0 4438429555895285/4503599627370496 0 -5136502636147141/36028797018963968 | sin-1C08EE873692DEB614BD5867BBA495C3
3        6        2        1        1        0            9.538321517083488e-3 | 0.0 1.0 0.0 -0.1497333190558588 | 0 1 0 -2697355679619653/18014398509481984 | sin-7BD174DAED91B4D8E2B1B6ECB84DE393
5        13       3        2        2        0           1.1400895771451758e-4 | 0.0 1.0 0.0 -0.16607862421621666 0.0 0.007633773374335406 | 0 1 0 -373975815067179/2251799813685248 0 137517835696351/18014398509481984 | sin-102FC8EEE6C625127FAF9FACCB5BF1C9
5        13       3        3        3        0            6.770640228581648e-5 | 0.0 0.9996967731389449 0.0 -0.16567307932024658 0.0 0.007514377178181233 | 0 9004468029984079/9007199254740992 0 -5969001746335881/36028797018963968 0 2165871760613015/288230376151711744 | sin-5938A964FDF9007D449AE4A4F4C66D61
6        13       5        5        5        3            6.770640228559444e-5 | 3.9174604415874037e-19 0.9996967731389449 -3.002966795847832e-18 -0.16567307932024658 0.0 0.00751437717818123 4.67175796284483e-19 | 4068123508857747/10384593717069655257060992658440192 9004468029984079/9007199254740992 -1949036882545637/649037107316853453566312041152512 -5969001746335881/36028797018963968 0 8663487042452057/1152921504606846976 4851430838862855/10384593717069655257060992658440192 | sin-796695043AF8249C5CFDC07C494CE018
7        20       4        3        3        0            8.787011832929068e-7 | 0.0 1.0 0.0 -0.166656810730001 0.0 0.008312366210465815 0.0 -1.8492181558254177e-4 | 0 1 0 -3002222202809551/18014398509481984 0 4791752879106681/576460752303423488 0 -3411205405696863/18446744073709551616 | sin-B0CB84D13CE5E6E38F97F0FF78DCECD6
7        20       4        4        4        0            5.891484402576483e-7 | 0.0 0.9999966159080584 0.0 -0.16664828381914185 0.0 0.008306325227326383 0.0 -1.8363653980866225e-4 | 0 4503584386775289/4503599627370496 0 -6004137191278559/36028797018963968 0 149633452794421/18014398509481984 0 -6774992504863937/36893488147419103232 | sin-796B1E498E18EF7F7E276B6D620E3A87
9        28       5        5        5        0           3.3381122310771616e-9 | 0.0 0.9999999765898822 0.0 -0.16666647634639795 0.0 0.008332899823352372 0.0 -1.9800897762792586e-4 0.0 2.590488500471456e-6 | 0 2251799760970349/2251799813685248 0 -6004792646150331/36028797018963968 0 4803589701038773/576460752303423488 0 -7305241869198457/36893488147419103232 0 6116618034442825/2361183241434822606848 | sin-054775EC4C33E98FF185FD9E1DBC3BD3
9        27       5        4        4        0            4.618688965410834e-9 | 0.0 1.0 0.0 -0.16666657096504695 0.0 0.008333017291560602 0.0 -1.9806615201182047e-4 0.0 2.600054767460579e-6 | 0 1 0 -3002398027573215/18014398509481984 0 4803657416850461/576460752303423488 0 -7307351231653009/36893488147419103232 0 3069602871870317/1180591620717411303424 | sin-09234FC5983577AB48729CB7A9372199
10       28       8        8        8        3           3.3381120090325567e-9 | 1.7225991471100057e-19 0.9999999765898822 -3.1946431733245185e-18 -0.16666647634639778 -4.1080819404674185e-18 0.008332899823352027 0.0 -1.9800897762773238e-4 0.0 2.5904885004367236e-6 3.5778408403417074e-19 | 7155396912043245/41538374868278621028243970633760768 2251799760970349/2251799813685248 -8293767856496315/2596148429267413814265248164610048 -6004792646150325/36028797018963968 -5332595238523159/1298074214633706907132624082305024 2401794850519287/288230376151711744 0 -7305241869191319/36893488147419103232 0 382288627147551/147573952589676412928 3715442351128771/10384593717069655257060992658440192 | sin-96BCB629A6DDF94E1D06BBFA048613D2
11       36       6        6        6        0          1.3297295176854101e-11 | 0.0 0.9999999998898519 0.0 -0.16666666541439162 0.0 0.008333329264457234 0.0 -1.9840702862623764e-4 0.0 2.7518855639650883e-6 0.0 -2.3794713560953568e-8 | 0 4503599626874433/4503599627370496 0 -3002399729021349/18014398509481984 0 150119914280661/18014398509481984 0 -7319927358986741/36893488147419103232 0 3248853037990391/1180591620717411303424 0 -7191510898542781/302231454903657293676544 | sin-065863F30A953F25DD73A34166A384C5
11       36       8        8        8        3          1.3297193749740865e-11 | -2.2621391837806147e-21 0.9999999998898519 0.0 -0.16666666541439135 -1.5463281054514536e-18 0.008333329264456487 0.0 -1.9840702862547861e-4 3.841484176588884e-19 2.7518855636371247e-6 0.0 -2.379471351042017e-8 | -93965585420101/41538374868278621028243970633760768 4503599626874433/4503599627370496 0 -93824991531917/562949953421312 -4014497282099847/2596148429267413814265248164610048 4803837256980721/576460752303423488 0 -3659963679479369/18446744073709551616 7978450488885485/20769187434139310514121985316880384 25381664356275/9223372036854775808 0 -7191510883269999/302231454903657293676544 | sin-0AFE0E7C1C039E6CC26B6FF01A77B1B6
11       36       9        9        9        0          1.3297222210047893e-11 | 0.0 0.9999999998898519 0.0 -0.16666666541439112 1.0785512721520209e-17 0.008333329264455956 -9.866199931686087e-18 -1.9840702862493023e-4 0.0 2.751885563401497e-6 9.025845473469868e-19 -2.3794713474879926e-8 | 0 4503599626874433/4503599627370496 0 -750599932255335/4503599627370496 875024747213075/81129638414606681695789005144064 4803837256980415/576460752303423488 -6403529863871275/649037107316853453566312041152512 -3659963679469253/18446744073709551616 0 812213259331255/295147905179352825856 4686486909751839/5192296858534827628530496329220096 -7191510872528619/302231454903657293676544 | sin-F3FC0CDAE09A91353901ECB82B0E5F61
11       35       6        5        5        0           1.748094898001984e-11 | 0.0 1.0 0.0 -0.16666666606466982 0.0 0.008333330495671086 0.0 -1.984080403914829e-4 0.0 2.752261885149117e-6 0.0 -2.3846693962064534e-8 | 0 1 0 -6004799481471439/36028797018963968 0 4803837966727615/576460752303423488 0 -7319964686535825/36893488147419103232 0 1624648659813477/590295810358705651712 0 -225225656587407/9444732965739290427392 | sin-B7F66101E8F1CDEBA71BB9C6248437F6
13       44       7        6        6        0          4.9960036108132044e-14 | 0.0 1.0 0.0 -0.16666666666402283 0.0 0.008333333316516117 0.0 -1.984126601057141e-4 0.0 2.7556901427671617e-6 0.0 -2.5028461413323844e-8 0.0 1.5387420614563902e-10 | 0 1 0 -6004799503065407/36028797018963968 0 300239974552129/36028797018963968 0 -3660067561954029/18446744073709551616 0 1626672345922239/590295810358705651712 0 -472774269184307/18889465931478580854784 0 2976360012514673/19342813113834066795298816 | sin-91FDFD9E63F2B19B703243B17B45E9C2
13       44       7        7        7        0           3.954903895694861e-14 | 0.0 0.9999999999996246 0.0 -0.16666666666098015 0.0 0.008333333308410261 0.0 -1.9841265023412725e-4 0.0 2.755684083165307e-6 0.0 -2.502663496093789e-8 0.0 1.5365920142148974e-10 | 0 9007199254737611/9007199254740992 0 -6004799502955783/36028797018963968 0 1200959897040339/144115188075855872 0 -3660067379855393/18446744073709551616 0 6506675075858607/2361183241434822606848 0 -7563836295586993/302231454903657293676544 0 1486100608158431/9671406556917033397649408 | sin-AFF34DD82DEFE269B3AE028719B7F63A
13       44       11       11       11       0            3.95443226774983e-14 | 0.0 0.9999999999996246 -4.516200688750888e-18 -0.1666666666609801 0.0 0.00833333330841017 0.0 -1.9841265023409527e-4 3.120768308578666e-17 2.7556840832124186e-6 -2.7162806097660692e-17 -2.5026634999211157e-8 5.887846611548897e-18 1.5365920900237969e-10 | 0 9007199254737611/9007199254740992 -5862363662178515/1298074214633706907132624082305024 -6004799502955781/36028797018963968 0 600479948520163/72057594037927936 0 -3660067379854803/18446744073709551616 5063736089015017/162259276829213363391578010288128 3253337537984923/1180591620717411303424 -4407417274058571/162259276829213363391578010288128 -3781918153577189/151115727451828646838272 7642861866170067/1298074214633706907132624082305024 5944402725905199/38685626227668133590597632 | sin-9A61EC925F5BAF6F033376D04C66DF3B
13       44       12       12       12       0           3.953960639804799e-14 | 0.0 0.9999999999996246 5.530823822267184e-19 -0.16666666666098015 -3.784127834614481e-18 0.008333333308410271 5.667513230359722e-19 -1.9841265023414864e-4 0.0 2.755684083200782e-6 2.0171034180227365e-18 -2.5026634983841115e-8 -7.591822168276248e-19 1.5365920601918768e-10 | 0 9007199254737611/9007199254740992 5743535831493497/10384593717069655257060992658440192 -6004799502955783/36028797018963968 -2456039383495371/649037107316853453566312041152512 2401919794080681/288230376151711744 5885482228340271/10384593717069655257060992658440192 -7320134759711575/36893488147419103232 0 3253337537971185/1180591620717411303424 5236699870369659/2596148429267413814265248164610048 -1890959075627267/75557863725914323419136 -7883798878979165/10384593717069655257060992658440192 1486100652624637/9671406556917033397649408 | sin-33724441D21C74C7F74DB045742450D6
13       44       12       12       12       3          3.9538901666635873e-14 | -6.270994245230863e-20 0.9999999999996246 0.0 -0.16666666666097987 7.967521085604085e-17 0.008333333308409338 -2.5409900962130467e-16 -1.984126502328353e-4 2.8502795540852517e-16 2.755684082295838e-6 -1.3285271615748965e-16 -2.5026634682178275e-8 2.1904157708006217e-17 1.5365916715467322e-10 | -5209738195104351/83076749736557242056487941267521536 9007199254737611/9007199254740992 0 -6004799502955773/36028797018963968 6464021047358139/81129638414606681695789005144064 600479948520103/72057594037927936 -644217524127691/2535301200456458802993406410752 -7320134759663121/36893488147419103232 5781053740087071/20282409603651670423947251286016 6506675073805631/2361183241434822606848 -5389146412127755/40564819207303340847894502572032 -7563836211337069/302231454903657293676544 7108305578508257/324518553658426726783156020576256 1486100276750117/9671406556917033397649408 | sin-32B559451FEDAB2C5F71F271D40881F6
14       44       11       11       11       0          3.9523939676655573e-14 | 0.0 0.9999999999996246 1.5519262371695661e-18 -0.16666666666098015 -5.035509296581159e-18 0.008333333308410342 0.0 -1.9841265023435342e-4 0.0 2.7556840834036507e-6 0.0 -2.5026635066404064e-8 1.5692666490016515e-18 1.5365921789854908e-10 -6.060309893278859e-19 | 0 9007199254737611/9007199254740992 4029030862966657/2596148429267413814265248164610048 -6004799502955783/36028797018963968 -3268232387720159/649037107316853453566312041152512 4803839588161403/576460752303423488 0 -3660067379859565/18446744073709551616 0 1626668769105345/590295810358705651712 0 -1890959081865547/75557863725914323419136 8148098291814751/5192296858534827628530496329220096 5944403070059083/38685626227668133590597632 -6293385604123871/10384593717069655257060992658440192 | sin-F6A9F5960C5A3B1761B1951D0F90ED19
15       51       8        8        8        0           4.244109404194507e-16 | 0.0 0.9999999999999989 0.0 -0.1666666666666453 0.0 0.008333333333214636 0.0 -1.984126981163077e-4 0.0 2.755731529274316e-6 0.0 -2.5051811910157758e-8 0.0 1.6046272339744158e-10 0.0 -7.353869224901574e-13 | 0 4503599627370491/4503599627370496 0 -1501199875789973/9007199254740992 0 4803839602460105/576460752303423488 0 -7320136526251443/36893488147419103232 0 3253393552408035/1180591620717411303424 0 -7571445561579749/302231454903657293676544 0 6207600940827123/38685626227668133590597632 0 -7282919325739363/9903520314283042199192993792 | sin-87EF75D561B0B29409112CE410D75A99
15       51       10       9        9        3          4.0831053815804097e-16 | 2.3573451801289804e-19 1.0 0.0 -0.16666666666665705 -8.817820227809661e-20 0.008333333333255942 0.0 -1.9841269818489724e-4 0.0 2.7557315900366526e-6 0.0 -2.5051841458982167e-8 0.0 1.6047016716546985e-10 8.19808725072707e-22 -7.361463339851189e-13 | 4896014389306369/20769187434139310514121985316880384 1 0 -6004799503160315/36028797018963968 -3662779221438477/41538374868278621028243970633760768 1200959900620979/144115188075855872 0 -3660068264390975/18446744073709551616 0 6506787248287081/2361183241434822606848 0 -7571454492163941/302231454903657293676544 0 3103944453827395/19342813113834066795298816 8717701668443051/10633823966279326983230456482242756608 -3645220086453307/4951760157141521099596496896 | sin-4ADAD1194E81105586932B727A300E19
15       51       11       10       10       0            3.97685356867683e-16 | 0.0 1.0 2.108566183534439e-19 -0.16666666666665705 0.0 0.008333333333255945 0.0 -1.98412698184911e-4 0.0 2.755731590054105e-6 -4.431595991641952e-20 -2.5051841469744435e-8 0.0 1.6047017040652367e-10 7.488443051019883e-21 -7.361467166621548e-13 | 0 1 8758641256622911/41538374868278621028243970633760768 -6004799503160315/36028797018963968 0 2401919801241959/288230376151711744 0 -3660068264391229/18446744073709551616 0 6506787248328289/2361183241434822606848 -7363251822623373/166153499473114484112975882535043072 -7571454495416637/302231454903657293676544 0 6207889033036987/38685626227668133590597632 77764438658255/10384593717069655257060992658440192 -7290443962756413/9903520314283042199192993792 | sin-08BC5CD2BB8C219C1694F0CDBDEE439A
15       51       11       11       11       0          3.9698062545556745e-16 | 0.0 0.9999999999999989 1.5474226048775615e-19 -0.16666666666664526 -3.511972838155627e-19 0.008333333333214264 0.0 -1.9841269811548984e-4 0.0 2.7557315284456835e-6 2.098017026453124e-20 -2.5051811484010644e-8 0.0 1.6046261531926667e-10 0.0 -7.353761918064799e-13 | 0 4503599627370491/4503599627370496 3213871012052617/20769187434139310514121985316880384 -3002399751579945/18014398509481984 -3647041106963021/10384593717069655257060992658440192 2401919801229945/288230376151711744 0 -7320136526221269/36893488147419103232 0 6506787102859517/2361183241434822606848 6971857417987287/332306998946228968225951765070086144 -7571445432784687/302231454903657293676544 0 6207596759755245/38685626227668133590597632 0 -7282813054195577/9903520314283042199192993792 | sin-9F0623E8E7895457BC21EC5207BF914A
15       50       8        7        7        0          4.6002698178559953e-16 | 0.0 1.0 0.0 -0.16666666666665703 0.0 0.008333333333255885 0.0 -1.9841269818479825e-4 0.0 2.7557315899500998e-6 0.0 -2.5051841417910535e-8 0.0 1.6047015706744854e-10 0.0 -7.361453245186309e-13 | 0 1 0 -3002399751580157/18014398509481984 0 4803839602483883/576460752303423488 0 -3660068264389149/18446744073709551616 0 3253393624041357/1180591620717411303424 0 -3785727239875401/151115727451828646838272 0 387993032312907/2417851639229258349412352 0 -911303771954343/1237940039285380274899124224 | sin-CC653B3CE202FDF674EC539BC83511BB
16       51       10       9        9        3           3.986069287142957e-16 | 1.7528300110374793e-19 1.0 0.0 -0.16666666666665705 0.0 0.008333333333255944 0.0 -1.9841269818490187e-4 0.0 2.75573159004271e-6 -1.7145394210075625e-20 -2.5051841462838265e-8 0.0 1.6047016836608867e-10 0.0 -7.361464807151684e-13 1.3532957727042248e-21 | 7280971007884377/41538374868278621028243970633760768 1 0 -6004799503160315/36028797018963968 0 4803839602483917/576460752303423488 0 -7320136528782121/36893488147419103232 0 813348406037673/295147905179352825856 -5697534495700281/332306998946228968225951765070086144 -7571454493329375/302231454903657293676544 0 6207888954101481/38685626227668133590597632 0 -455652601628165/618970019642690137449562112 7195354510623343/5316911983139663491615228241121378304 | sin-74A6764F38482CC1B2036F9D965E1F52
16       51       11       10       10       3          3.9540853230546347e-16 | -3.981456170252959e-20 1.0 3.184231990850881e-19 -0.16666666666665705 0.0 0.008333333333255945 -1.1028048437388096e-19 -1.984126981849115e-4 0.0 2.7557315900544424e-6 0.0 -2.5051841469780345e-8 0.0 1.6047017036290342e-10 0.0 -7.361467048495791e-13 1.0009019173957459e-21 | -3307664378431767/83076749736557242056487941267521536 1 1653347776294113/5192296858534827628530496329220096 -6004799503160315/36028797018963968 0 2401919801241959/288230376151711744 -2290436050288805/20769187434139310514121985316880384 -1830034132195619/9223372036854775808 0 3253393624164543/1180591620717411303424 0 -3785727247713745/151115727451828646838272 0 3103944515674755/19342813113834066795298816 0 -3645221922885165/4951760157141521099596496896 5321707398548907/5316911983139663491615228241121378304 | sin-CD9BCF8C3A10ED15327078151FEA9D20
16       51       12       12       12       3           3.910175135068972e-16 | 2.6757879378437725e-20 0.9999999999999989 0.0 -0.16666666666664529 -2.721071659484276e-20 0.008333333333214387 0.0 -1.984126981157352e-4 0.0 2.755731528681038e-6 1.30732441048964e-20 -2.5051811595525202e-8 -6.34646569081868e-21 1.6046263991750968e-10 0.0 -7.353781220326299e-13 2.7430881379592753e-22 | 8891830594413827/332306998946228968225951765070086144 4503599627370491/4503599627370496 0 -6004799503159891/36028797018963968 -2260577892702137/83076749736557242056487941267521536 4803839602459961/576460752303423488 0 -7320136526230321/36893488147419103232 0 101668548490863/36893488147419103232 2172165257494801/166153499473114484112975882535043072 -3785722733243947/151115727451828646838272 -4217949935262323/664613997892457936451903530140172288 387974856959605/2417851639229258349412352 0 -910354021278683/1237940039285380274899124224 5833903276609575/21267647932558653966460912964485513216 | sin-B22B6AD816491FF6921C3D5A573E144F
16       51       13       13       13       3           3.855422925358454e-16 | 1.5318428426327833e-20 0.9999999999999989 -1.217195098575277e-19 -0.16666666666664529 -3.906212428592825e-18 0.008333333333214381 3.948250985737909e-18 -1.9841269811566694e-4 0.0 2.755731528567697e-6 -6.022878203990337e-19 -2.5051811518463018e-8 0.0 1.604626161068744e-10 0.0 -7.353753493213219e-13 1.470409100291066e-20 | 5090420978925607/332306998946228968225951765070086144 4503599627370491/4503599627370496 -79000478581955/649037107316853453566312041152512 -6004799503159891/36028797018963968 -633819203804757/162259276829213363391578010288128 2401919801229979/288230376151711744 5125122797488495/1298074214633706907132624082305024 -7320136526227803/36893488147419103232 0 6506787103147613/2361183241434822606848 -3127257157791691/5192296858534827628530496329220096 -3785722721598639/151115727451828646838272 0 6207596790224343/38685626227668133590597632 0 -1820701177656675/2475880078570760549798248448 305392022088093/20769187434139310514121985316880384 | sin-2E69BC55793C2D10C6F24610518E1E01
