wider-atan over [-1, 1], degree at most 16, error at most 0.1
lb_error degree   error                    non_zero non_one  non_two  constant | coefficients | rationals | hash
24       15           3.747660109868801e-8 8        8        8        0        | 0.0 0.9999993355784006 0.0 -0.3332986078454699 0.0 0.1994656565389585 0.0 -0.13908629563758534 0.0 0.09642197364786666 0.0 -0.05591232728350155 0.0 0.021862958235728532 0.0 -0.0040545673135351755 | 0 9007193270163257/9007199254740992 0 -6004173944383853/18014398509481984 0 7186507651696519/36028797018963968 0 -156597247301443/1125899906842624 0 6947935433453761/72057594037927936 0 -4028907781110317/72057594037927936 0 6301568676073199/288230376151711744 0 -1168649461912679/288230376151711744 | wider-atan-5BF39E529B714057BFCC7287AEF14858
24       15           4.917683781079183e-8 8        7        7        0        | 0.0 1.0 0.0 -0.33331659034065064 0.0 0.19962703990205818 0.0 -0.1397658216455109 0.0 0.09794234655545235 0.0 -0.057773590956628006 0.0 0.023040136699791238 0.0 -0.004355405993881851 | 0 1 0 -3002248944109117/9007199254740992 0 7192322100127875/36028797018963968 0 -5035594418254833/36028797018963968 0 7057489847214835/72057594037927936 0 -8326051926532011/144115188075855872 0 6640867267567687/288230376151711744 0 -5021441231639943/1152921504606846976 | wider-atan-2710F2B666057F7E2D1FB16428B95E98
21       13          2.4739029245730154e-7 7        7        7        0        | 0.0 0.9999961115493453 0.0 -0.333173680540826 0.0 0.19807815558332334 0.0 -0.13233342066543646 0.0 0.07962367176555046 0.0 -0.03360421999035483 0.0 0.006811793086088361 | 0 9007164230691153/9007199254740992 0 -6001923454133283/18014398509481984 0 7136517661402321/36028797018963968 0 -2383906975990091/18014398509481984 0 1434372553972815/18014398509481984 0 -2421439242026211/72057594037927936 0 7853462733883511/1152921504606846976 | wider-atan-E40F320000F452F75354EF6BCDD242B1
21       13           3.358293251512392e-7 7        6        6        0        | 0.0 1.0 0.0 -0.3332539481976167 0.0 0.19861856578727935 0.0 -0.13398802938426146 0.0 0.08216782296295998 0.0 -0.03551993540263009 0.0 0.007374023460920778 | 0 1 0 -6003369427690133/18014398509481984 0 7155987990947629/36028797018963968 0 -603428439207067/4503599627370496 0 5920815630045303/72057594037927936 0 -5118962170992287/144115188075855872 0 2125417555892743/288230376151711744 | wider-atan-57C9926E8E775F75D97884CCA09DC0C8
19       11          1.6623603207399726e-6 6        6        6        0        | 0.0 0.9999772190806879 0.0 -0.3326228278605087 0.0 0.19354037589700035 0.0 -0.11642648148844989 0.0 0.05264735093087045 0.0 -0.011719135522116016 | 0 4503497031230771/4503599627370496 0 -2996000087215015/9007199254740992 0 1743256729541753/9007199254740992 0 -4194706069179527/36028797018963968 0 7587282881097981/144115188075855872 0 -1688905419856193/144115188075855872 | wider-atan-0595D2D0CA4CF6B7F1504504825BB90D
18       11          2.3577282660243948e-6 6        5        5        0        | 0.0 1.0 0.0 -0.33296597357304436 0.0 0.19518289759552473 0.0 -0.11981895245806799 0.0 0.05580623959429384 0.0 -0.01280840548946241 | 0 1 0 -1499545434510617/4503599627370496 0 7032204999042391/36028797018963968 0 -8633865434273251/72057594037927936 0 8042526714937931/144115188075855872 0 -461471441516425/36028797018963968 | wider-atan-9252D5AAC6C5E23DF8E70280E0793DE9
16       9           1.1438544491780231e-5 5        5        5        0        | 0.0 0.9998663294782539 0.0 -0.33030478564463006 0.0 0.18015929501462288 0.0 -0.08515635117760863 0.0 0.02084511426649875 | 0 2251498814429285/2251799813685248 0 -2975121019095695/9007199254740992 0 6490922671161495/36028797018963968 0 -6136161782907349/72057594037927936 0 1502048781489587/72057594037927936 | wider-atan-7FA51AE73C6036AA609886F71A1FBB56
15       9            1.720810323325707e-5 5        4        4        0        | 0.0 1.0 0.0 -0.33168528524611307 0.0 0.18449097961064367 0.0 -0.09045060343463943 0.0 0.023060280570650172 | 0 1 0 -2987555454077343/9007199254740992 0 6646988056221701/36028797018963968 0 -3258826431389429/36028797018963968 0 6646673343042509/288230376151711744 | wider-atan-91791F1DE89BD4D88286FF5449325D72
13       7            8.137070524053279e-5 4        4        4        0        | 0.0 0.9992138125819346 0.0 -0.3211749694052694 0.0 0.14626446375322277 0.0 -0.03898651423768024 | 0 9000117908014907/9007199254740992 0 -5785773890137207/18014398509481984 0 1317433168913119/9007199254740992 0 -5618548831785321/144115188075855872 | wider-atan-5F673D97AABBF2A3EC7BF208AEBDF147
12       7           1.3312262072311706e-4 4        3        3        0        | 0.0 1.0 0.0 -0.32623821056432434 0.0 0.15531619941624708 0.0 -0.043812948071409744 | 0 1 0 -2938492567063017/9007199254740992 0 174870494453903/1125899906842624 0 -3157055625734461/72057594037927936 | wider-atan-8B9D06BBF827742CB0488FC9FB0B2D1B
10       5            6.085947641194772e-4 3        3        3        0        | 0.0 0.9953579547615076 0.0 -0.2886902380923653 0.0 0.07933904149242556 | 0 8965387428328369/9007199254740992 0 -5200580994793105/18014398509481984 0 5716980443219521/72057594037927936 | wider-atan-FAE6F7CBAC47CEADA38D535D805E194F
9        5           1.1340645414592812e-3 3        2        2        0        | 0.0 1.0 0.0 -0.30450678622276905 0.0 0.09103901416167663 | 0 1 0 -685688324482325/2251799813685248 0 6560052324075267/72057594037927936 | wider-atan-EFF1E7FDC07A47485DEF7AAEA9052AD0
7        3            4.951999966853446e-3 2        2        2        0        | 0.0 0.9723941179787275 0.0 -0.19194795454813263 | 0 8758547574772519/9007199254740992 0 -864456736577499/4503599627370496 | wider-atan-1525CD3EC8CA968A4E0AFA1031562316
6        3           1.1681871701058008e-2 2        1        1        0        | 0.0 1.0 0.0 -0.22628259913190826 | 0 1 0 -8152689833047115/36028797018963968 | wider-atan-C498695BFFCE8B24293D2DA41A05D6D3
4        1            4.788167037738421e-2 1        1        1        0        | 0.0 0.8332766922121168 | 0 7505489201086017/9007199254740992 | wider-atan-BE4899A0D03E30C379C7463FAC6A8AF5
